"a" : 	2201 occurrences : 	0.09678979771328056
"b" : 	1043 occurrences : 	0.045866314863676344
"c" : 	2619 occurrences : 	0.11517150395778364
"d" : 	1638 occurrences : 	0.07203166226912928
"e" : 	906 occurrences : 	0.039841688654353564
"f" : 	971 occurrences : 	0.04270008795074758
"g" : 	613 occurrences : 	0.026956904133685136
"h" : 	415 occurrences : 	0.018249780123131047
"i" : 	1156 occurrences : 	0.050835532102022865
"j" : 	249 occurrences : 	0.010949868073878629
"k" : 	51 occurrences : 	0.0022427440633245384
"l" : 	653 occurrences : 	0.028715919085312226
"m" : 	1311 occurrences : 	0.05765171503957783
"n" : 	415 occurrences : 	0.018249780123131047
"o" : 	446 occurrences : 	0.01961301671064204
"p" : 	2180 occurrences : 	0.09586631486367635
"q" : 	94 occurrences : 	0.004133685136323659
"r" : 	1684 occurrences : 	0.07405452946350044
"s" : 	1588 occurrences : 	0.06983289357959542
"t" : 	987 occurrences : 	0.04340369393139842
"u" : 	120 occurrences : 	0.005277044854881266
"v" : 	623 occurrences : 	0.027396657871591908
"w" : 	37 occurrences : 	0.0016270888302550573
"x" : 	4 occurrences : 	0.00017590149516270889
"y" : 	28 occurrences : 	0.0012313104661389623
"z" : 	27 occurrences : 	0.001187335092348285
"â" : 	14 occurrences : 	0.0006156552330694811
"è" : 	3 occurrences : 	0.00013192612137203166
"é" : 	651 occurrences : 	0.02862796833773087
"ê" : 	2 occurrences : 	8.795074758135444e-05
"î" : 	2 occurrences : 	8.795074758135444e-05
"ô" : 	1 occurrences : 	4.397537379067722e-05
"œ" : 	8 occurrences : 	0.00035180299032541777
